=== Run information ===

Scheme:       weka.clusterers.DBSCAN -E 14.9 -M 8 -A "weka.core.EuclideanDistance -D -R first-last"
Relation:     TRE ANNI IMMATRICOLATI 2010-2013 PER STUDENTI-weka.filters.unsupervised.attribute.Remove-R6-45-weka.filters.unsupervised.attribute.Normalize-S100.0-T0.0-weka.filters.unsupervised.attribute.NumericToNominal-Rfirst
Instances:    212
Attributes:   5
              test
              crediti_con_voto
              voto_medio
Ignored:
              coorte
              crediti_totali
Test mode:    evaluate on training data


=== Clustering model (full training set) ===

DBSCAN clustering results
========================================================================================

Clustered DataObjects: 212
Number of attributes: 3
Epsilon: 14.9; minPoints: 8
Distance-type: 
Number of generated clusters: 3
Elapsed time: .0

(  0.) 52,100,46.153846                                                       -->  0
(  1.) 88,100,69.230769                                                       -->  0
(  2.) 64,100,84.615385                                                       -->  0
(  3.) 76,100,61.538462                                                       -->  0
(  4.) 72,100,61.538462                                                       -->  0
(  5.) 60,93.877551,46.153846                                                 -->  0
(  6.) 72,93.877551,69.230769                                                 -->  0
(  7.) 44,37.414966,46.153846                                                 -->  2
(  8.) 44,8.163265,15.384615                                                  -->  NOISE
(  9.) 52,100,46.153846                                                       -->  0
( 10.) 76,100,84.615385                                                       -->  0
( 11.) 68,100,61.538462                                                       -->  0
( 12.) 56,30.612245,23.076923                                                 -->  2
( 13.) 80,81.632653,53.846154                                                 -->  0
( 14.) 56,100,61.538462                                                       -->  0
( 15.) 68,16.326531,53.846154                                                 -->  2
( 16.) 68,79.591837,38.461538                                                 -->  0
( 17.) 84,100,76.923077                                                       -->  0
( 18.) 68,100,61.538462                                                       -->  0
( 19.) 36,4.081633,30.769231                                                  -->  2
( 20.) 72,100,76.923077                                                       -->  0
( 21.) 64,36.734694,38.461538                                                 -->  2
( 22.) 40,100,46.153846                                                       -->  0
( 23.) 80,8.163265,69.230769                                                  -->  NOISE
( 24.) 60,0,0                                                                 -->  1
( 25.) 48,44.897959,15.384615                                                 -->  NOISE
( 26.) 60,12.244898,46.153846                                                 -->  2
( 27.) 40,32.653061,15.384615                                                 -->  NOISE
( 28.) 56,16.326531,46.153846                                                 -->  2
( 29.) 72,0,92.307692                                                         -->  NOISE
( 30.) 72,100,53.846154                                                       -->  0
( 31.) 56,0,69.230769                                                         -->  NOISE
( 32.) 68,100,30.769231                                                       -->  0
( 33.) 48,8.163265,30.769231                                                  -->  2
( 34.) 76,100,53.846154                                                       -->  0
( 35.) 56,42.176871,53.846154                                                 -->  2
( 36.) 68,30.612245,38.461538                                                 -->  2
( 37.) 52,100,53.846154                                                       -->  0
( 38.) 64,93.877551,38.461538                                                 -->  0
( 39.) 0,42.857143,38.461538                                                  -->  NOISE
( 40.) 80,0,0                                                                 -->  NOISE
( 41.) 64,8.163265,38.461538                                                  -->  2
( 42.) 80,16.326531,61.538462                                                 -->  NOISE
( 43.) 68,100,46.153846                                                       -->  0
( 44.) 76,100,53.846154                                                       -->  0
( 45.) 44,100,61.538462                                                       -->  0
( 46.) 56,100,30.769231                                                       -->  0
( 47.) 52,100,38.461538                                                       -->  0
( 48.) 52,87.755102,30.769231                                                 -->  0
( 49.) 56,18.367347,38.461538                                                 -->  2
( 50.) 68,79.591837,30.769231                                                 -->  0
( 51.) 76,32.653061,61.538462                                                 -->  2
( 52.) 68,100,38.461538                                                       -->  0
( 53.) 56,100,30.769231                                                       -->  0
( 54.) 48,100,61.538462                                                       -->  0
( 55.) 52,0,15.384615                                                         -->  NOISE
( 56.) 28,0,0                                                                 -->  1
( 57.) 24,0,0                                                                 -->  1
( 58.) 56,32.653061,38.461538                                                 -->  2
( 59.) 68,100,38.461538                                                       -->  0
( 60.) 48,100,30.769231                                                       -->  0
( 61.) 64,100,53.846154                                                       -->  0
( 62.) 68,100,30.769231                                                       -->  0
( 63.) 48,0,69.230769                                                         -->  NOISE
( 64.) 72,8.163265,30.769231                                                  -->  NOISE
( 65.) 64,46.938776,46.153846                                                 -->  2
( 66.) 48,48.979592,53.846154                                                 -->  2
( 67.) 48,0,0                                                                 -->  1
( 68.) 28,0,0                                                                 -->  1
( 69.) 44,100,61.538462                                                       -->  0
( 70.) 48,85.714286,38.461538                                                 -->  0
( 71.) 52,91.836735,53.846154                                                 -->  0
( 72.) 44,100,53.846154                                                       -->  0
( 73.) 56,16.326531,84.615385                                                 -->  NOISE
( 74.) 84,100,69.230769                                                       -->  0
( 75.) 64,100,69.230769                                                       -->  0
( 76.) 64,100,61.538462                                                       -->  0
( 77.) 64,100,61.538462                                                       -->  0
( 78.) 48,16.326531,38.461538                                                 -->  2
( 79.) 56,100,61.538462                                                       -->  0
( 80.) 36,0,0                                                                 -->  1
( 81.) 72,8.163265,76.923077                                                  -->  NOISE
( 82.) 80,100,61.538462                                                       -->  0
( 83.) 52,100,53.846154                                                       -->  0
( 84.) 40,85.714286,38.461538                                                 -->  0
( 85.) 64,8.163265,38.461538                                                  -->  2
( 86.) 64,100,38.461538                                                       -->  0
( 87.) 56,24.489796,30.769231                                                 -->  2
( 88.) 52,100,46.153846                                                       -->  0
( 89.) 48,100,76.923077                                                       -->  0
( 90.) 40,0,0                                                                 -->  1
( 91.) 80,77.55102,61.538462                                                  -->  0
( 92.) 48,71.428571,76.923077                                                 -->  NOISE
( 93.) 44,16.326531,30.769231                                                 -->  2
( 94.) 76,100,84.615385                                                       -->  0
( 95.) 48,44.897959,38.461538                                                 -->  2
( 96.) 52,89.795918,38.461538                                                 -->  0
( 97.) 68,100,46.153846                                                       -->  0
( 98.) 52,100,61.538462                                                       -->  0
( 99.) 64,100,61.538462                                                       -->  0
(100.) 96,100,92.307692                                                       -->  NOISE
(101.) 60,100,69.230769                                                       -->  0
(102.) 64,14.285714,53.846154                                                 -->  2
(103.) 60,100,46.153846                                                       -->  0
(104.) 36,100,46.153846                                                       -->  0
(105.) 44,0,0                                                                 -->  1
(106.) 52,100,76.923077                                                       -->  0
(107.) 48,100,53.846154                                                       -->  0
(108.) 84,8.163265,53.846154                                                  -->  NOISE
(109.) 56,79.591837,38.461538                                                 -->  0
(110.) 40,61.22449,38.461538                                                  -->  2
(111.) 52,100,38.461538                                                       -->  0
(112.) 44,100,69.230769                                                       -->  0
(113.) 64,100,46.153846                                                       -->  0
(114.) 72,100,53.846154                                                       -->  0
(115.) 52,93.877551,30.769231                                                 -->  0
(116.) 52,8.163265,69.230769                                                  -->  NOISE
(117.) 52,100,61.538462                                                       -->  0
(118.) 72,14.285714,15.384615                                                 -->  NOISE
(119.) 64,75.510204,38.461538                                                 -->  0
(120.) 40,100,61.538462                                                       -->  0
(121.) 68,0,0                                                                 -->  1
(122.) 68,89.795918,46.153846                                                 -->  0
(123.) 64,100,61.538462                                                       -->  0
(124.) 24,0,0                                                                 -->  1
(125.) 60,100,53.846154                                                       -->  0
(126.) 32,100,46.153846                                                       -->  0
(127.) 76,100,84.615385                                                       -->  0
(128.) 60,85.714286,61.538462                                                 -->  0
(129.) 56,6.122449,69.230769                                                  -->  NOISE
(130.) 72,59.183673,53.846154                                                 -->  2
(131.) 68,81.632653,76.923077                                                 -->  NOISE
(132.) 52,85.714286,46.153846                                                 -->  0
(133.) 52,34.693878,30.769231                                                 -->  2
(134.) 48,100,61.538462                                                       -->  0
(135.) 48,95.918367,53.846154                                                 -->  0
(136.) 68,81.632653,38.461538                                                 -->  0
(137.) 52,57.142857,38.461538                                                 -->  2
(138.) 68,79.591837,46.153846                                                 -->  0
(139.) 40,0,38.461538                                                         -->  2
(140.) 72,71.428571,46.153846                                                 -->  0
(141.) 60,55.102041,53.846154                                                 -->  2
(142.) 72,95.918367,69.230769                                                 -->  0
(143.) 28,0,0                                                                 -->  1
(144.) 52,89.795918,61.538462                                                 -->  0
(145.) 64,36.734694,46.153846                                                 -->  2
(146.) 60,22.44898,30.769231                                                  -->  2
(147.) 52,0,0                                                                 -->  1
(148.) 36,57.142857,38.461538                                                 -->  2
(149.) 44,0,0                                                                 -->  1
(150.) 64,93.877551,69.230769                                                 -->  0
(151.) 44,6.122449,30.769231                                                  -->  2
(152.) 72,44.897959,46.153846                                                 -->  2
(153.) 64,57.142857,46.153846                                                 -->  2
(154.) 80,100,69.230769                                                       -->  0
(155.) 84,100,92.307692                                                       -->  NOISE
(156.) 20,12.244898,23.076923                                                 -->  NOISE
(157.) 48,14.285714,30.769231                                                 -->  2
(158.) 16,0,15.384615                                                         -->  NOISE
(159.) 100,100,100                                                            -->  NOISE
(160.) 72,100,69.230769                                                       -->  0
(161.) 60,83.673469,46.153846                                                 -->  0
(162.) 44,89.795918,61.538462                                                 -->  0
(163.) 56,75.510204,61.538462                                                 -->  0
(164.) 60,0,69.230769                                                         -->  NOISE
(165.) 52,55.102041,46.153846                                                 -->  2
(166.) 64,100,69.230769                                                       -->  0
(167.) 84,85.714286,61.538462                                                 -->  0
(168.) 32,16.326531,46.153846                                                 -->  NOISE
(169.) 60,0,0                                                                 -->  1
(170.) 72,46.938776,53.846154                                                 -->  2
(171.) 36,4.081633,15.384615                                                  -->  NOISE
(172.) 52,0,0                                                                 -->  1
(173.) 40,81.632653,46.153846                                                 -->  0
(174.) 48,0,0                                                                 -->  1
(175.) 36,42.857143,38.461538                                                 -->  NOISE
(176.) 40,0,0                                                                 -->  1
(177.) 32,71.428571,38.461538                                                 -->  NOISE
(178.) 44,89.795918,61.538462                                                 -->  0
(179.) 68,100,53.846154                                                       -->  0
(180.) 80,95.918367,53.846154                                                 -->  0
(181.) 72,89.795918,61.538462                                                 -->  0
(182.) 76,55.102041,92.307692                                                 -->  NOISE
(183.) 48,0,0                                                                 -->  1
(184.) 48,0,69.230769                                                         -->  NOISE
(185.) 96,34.693878,46.153846                                                 -->  NOISE
(186.) 60,89.795918,53.846154                                                 -->  0
(187.) 48,22.44898,38.461538                                                  -->  2
(188.) 72,38.77551,53.846154                                                  -->  2
(189.) 52,0,0                                                                 -->  1
(190.) 56,0,0                                                                 -->  1
(191.) 48,83.673469,53.846154                                                 -->  0
(192.) 52,69.387755,38.461538                                                 -->  0
(193.) 32,12.244898,23.076923                                                 -->  2
(194.) 24,0,23.076923                                                         -->  2
(195.) 48,63.265306,46.153846                                                 -->  2
(196.) 84,0,46.153846                                                         -->  NOISE
(197.) 48,0,53.846154                                                         -->  NOISE
(198.) 44,28.571429,38.461538                                                 -->  2
(199.) 84,95.918367,53.846154                                                 -->  0
(200.) 96,100,84.615385                                                       -->  0
(201.) 64,34.693878,53.846154                                                 -->  2
(202.) 80,53.061224,46.153846                                                 -->  2
(203.) 68,89.795918,53.846154                                                 -->  0
(204.) 36,95.918367,53.846154                                                 -->  0
(205.) 60,81.632653,61.538462                                                 -->  0
(206.) 60,100,61.538462                                                       -->  0
(207.) 48,59.183673,46.153846                                                 -->  2
(208.) 32,14.285714,38.461538                                                 -->  2
(209.) 56,71.428571,76.923077                                                 -->  NOISE
(210.) 40,75.510204,46.153846                                                 -->  0
(211.) 76,42.857143,53.846154                                                 -->  2



Time taken to build model (full training data) : 0 seconds

=== Model and evaluation on training set ===

Clustered Instances

0      108 ( 61%)
1       20 ( 11%)
2       48 ( 27%)

Unclustered instances : 36
